1,144
2,12
54,103
63,102
23,124
49,128
48,122
85,61
70,143
39,132
120,160
1 1 0 1 0 1 1 0 1 1 1 1 1 0 0 0 1 1 1 0 0 1 1 0 1 1 1 1 1 1 0 1 1 1 1 0 1 1 1 1 1 1 1 1 0 1 1 1 1 1 1 1 1 1 1 1 1 1 0 1 1 1 1 1 1 1 1 0 0 1 1 1 1 1 1 0 1 1 1 1 1 1 1 1 0 0 1 1 1 1 1 1 1 1 1 1 1 1 1 1 0 1 1 1 1 1 0 1 1 1 1 1 1 1 1 1 1 1 1 1 1 1 1 1 1 1 0 0 1 1 1 1 1 1 1 1 1 1 1 1 0 1 1 1 1 0 1 1 1 1 1 1 1 0 1 0 1 1 0 1
1 0 1 1 0 1 1 1 1 0 1 1 1 1 1 1 1 1 1 0 1 1 1 1 1 0 1 1 1 1 1 1 1 1 1 1 1 1 1 1 1 1 1 1 1 0 1 1 1 1 1 1 1 1 1 1 1 1 1 1 1 1 1 1 1 1 1 1 1 1 1 1 1 1 0 1 0 1 1 1 1 1 1 1 1 1 1 1 1 1 1 1 1 1 1 0 1 1 1 0 1 1 1 1 1 1 1 1 1 1 1 1 1 1 1 1 1 1 1 1 1 0 1 0 1 1 1 1 0 1 1 1 0 1 1 1 0 1 1 1 1 1 1 1 S 1 1 1 0 1 1 1 1 1 1 1 1 1 1 1
1 0 1 1 1 1 1 1 0 1 1 1 G 1 1 0 1 1 1 0 0 1 1 1 1 0 1 1 1 0 1 1 1 0 1 0 1 1 1 1 1 1 1 0 1 0 1 0 1 1 0 1 0 1 1 0 1 1 0 0 1 1 1 1 1 1 1 1 1 1 1 1 1 0 1 1 1 0 1 1 1 1 1 1 0 1 0 1 1 1 1 1 1 1 0 0 1 1 1 0 1 1 0 1 0 0 0 1 1 1 1 0 1 1 1 1 1 1 0 1 0 1 0 0 1 1 1 1 1 1 1 1 1 1 1 1 1 0 1 0 1 1 1 0 1 1 1 0 1 1 1 1 0 1 1 1 0 1 1 1
1 1 0 1 1 1 1 1 1 1 1 0 0 1 1 1 0 1 1 1 1 1 1 1 1 1 1 0 1 1 1 1 1 0 0 1 1 0 1 0 1 1 1 1 1 1 1 1 0 1 0 1 1 1 1 1 0 0 1 1 1 1 1 0 1 1 1 1 1 1 1 1 1 1 0 1 0 1 0 1 1 1 0 0 1 0 1 1 0 1 1 1 1 0 0 1 1 0 0 1 1 1 1 1 1 1 1 1 1 1 0 0 0 1 1 1 1 1 1 0 1 1 1 1 1 1 0 1 1 0 1 1 1 0 1 1 0 1 1 0 0 1 1 1 0 1 1 0 1 1 1 1 0 1 1 0 1 1 1 1
1 1 0 1 0 1 1 1 1 0 1 0 1 0 0 1 1 1 1 1 0 1 1 0 1 0 1 1 0 1 1 1 1 1 1 1 1 0 1 0 1 1 1 1 0 1 1 1 1 0 1 1 1 1 1 1 1 0 0 1 1 1 1 1 0 1 1 1 0 1 0 1 0 1 1 1 0 1 1 1 1 1 1 1 1 1 1 1 1 1 1 1 1 1 1 1 1 1 0 1 1 1 1 1 0 1 0 0 0 1 0 0 1 1 1 0 0 1 1 1 1 1 1 1 1 1 1 0 1 0 0 1 1 0 0 0 0 1 1 1 1 1 0 0 1 1 1 1 1 1 1 1 1 1 1 1 1 1 1 1
1 1 0 1 0 1 0 1 1 0 1 1 0 1 0 1 1 1 1 1 1 1 1 1 1 1 1 1 1 1 1 1 1 1 0 1 1 0 1 1 1 1 1 1 1 1 1 1 1 1 1 1 1 1 0 1 1 1 1 1 1 1 1 1 1 1 1 1 1 1 1 1 1 1 1 0 1 1 1 0 1 1 1 1 0 1 1 1 1 0 0 1 1 0 1 1 1 1 1 1 1 1 1 0 1 0 1 1 1 1 0 1 0 1 0 1 1 0 1 1 1 1 1 1 0 0 0 1 0 1 0 1 1 1 1 0 1 1 1 0 1 0 0 1 1 1 1 1 1 1 1 1 1 1 1 1 0 1 1 1
1 1 0 1 0 1 1 1 1 1 0 1 0 1 1 0 1 1 0 1 1 0 0 1 1 1 0 0 0 1 1 1 1 1 0 1 1 1 0 1 1 1 1 1 1 1 1 1 0 0 1 0 0 1 1 1 1 1 1 1 1 1 1 1 0 1 1 1 1 1 1 0 0 1 1 1 1 1 1 0 1 1 1 1 1 1 1 1 1 1 1 1 1 1 1 1 0 1 1 1 1 0 1 0 1 1 1 1 1 1 1 1 1 1 0 1 1 1 1 1 1 1 0 0 1 1 1 0 1 1 0 1 0 1 1 0 0 1 1 0 1 1 1 1 0 1 1 1 1 1 1 1 1 1 0 1 1 1 1 1
1 0 0 1 1 1 1 1 0 1 1 1 1 1 0 1 1 1 1 1 1 1 1 1 1 1 0 1 1 1 0 0 1 1 1 1 1 1 1 1 1 1 1 1 1 1 1 1 0 1 1 1 1 1 1 1 1 1 1 1 1 1 1 1 1 1 0 1 1 1 1 0 1 0 1 0 1 1 1 1 0 1 1 1 1 1 1 1 1 1 0 1 1 0 1 1 0 1 1 1 1 1 1 1 0 1 1 1 0 1 1 0 0 1 1 0 1 1 1 1 1 1 1 1 0 1 1 0 1 1 1 1 1 0 1 1 0 1 1 0 1 1 1 1 1 1 1 1 1 1 1 0 0 1 1 1 1 0 1 1
1 1 1 0 1 0 1 1 1 1 1 1 1 1 1 1 1 1 1 1 0 0 0 1 0 1 1 1 1 1 1 1 1 1 1 1 0 0 0 1 1 1 0 1 1 0 1 1 1 1 1 1 1 1 1 0 0 1 1 1 1 1 1 1 1 1 1 1 1 1 1 1 1 0 1 0 1 0 1 1 1 1 1 1 1 1 0 1 1 1 1 1 1 1 0 1 1 1 1 1 1 0 1 1 0 1 1 0 1 2 2 2 1 0 0 2 2 2 0 0 2 0 2 2 2 2 1 1 0 0 1 0 2 1 2 0 2 1 1 1 1 1 1 1 1 1 1 1 1 0 1 1 0 1 0 1 1 1 0 1
1 1 1 1 1 1 1 1 0 1 1 1 1 1 1 1 0 1 1 1 1 1 0 1 1 0 1 0 1 1 1 1 1 1 1 1 1 1 1 1 0 1 1 1 1 1 1 0 0 1 1 1 1 1 0 1 1 1 1 1 1 1 1 0 1 1 1 1 1 1 1 1 1 1 0 1 1 1 1 1 1 1 0 1 1 1 1 1 1 1 1 1 1 0 1 1 1 1 0 1 1 0 1 1 1 1 1 0 1 2 2 2 2 2 2 0 2 2 2 1 2 2 1 2 1 2 0 2 0 1 1 1 1 0 0 1 1 2 2 0 1 1 1 1 1 1 1 1 1 1 1 1 1 0 0 0 1 1 1 1
1 1 0 1 1 1 1 0 1 1 1 1 0 1 1 1 1 1 1 0 1 1 1 1 1 1 1 1 0 1 0 1 1 1 0 1 1 1 1 0 0 1 0 1 0 1 0 1 1 1 1 1 1 1 0 1 1 0 0 1 1 0 1 0 1 1 0 0 0 1 1 1 1 1 0 1 0 1 1 1 0 1 1 0 1 0 1 1 0 1 1 1 1 1 1 0 1 0 1 1 1 1 1 1 1 1 1 1 0 0 1 2 1 1 1 0 2 1 2 1 2 1 2 0 0 1 2 1 1 1 2 2 2 1 1 1 1 0 2 1 1 1 0 1 1 1 1 1 0 1 0 1 1 1 0 1 1 1 1 1
1 0 0 1 1 1 1 0 0 1 0 1 1 1 1 0 0 1 1 1 1 0 1 1 1 1 1 1 0 1 1 1 1 1 0 1 1 1 1 1 1 0 0 1 1 1 1 1 1 1 0 0 1 1 1 1 1 1 1 1 1 1 0 0 1 1 1 1 1 1 1 1 1 1 1 1 1 0 1 1 1 1 1 1 0 1 0 0 1 1 1 1 0 0 1 1 0 1 1 1 0 1 1 1 1 0 0 1 1 1 0 2 2 0 0 2 2 2 1 2 2 1 2 1 1 1 2 0 1 0 0 1 0 2 1 2 1 1 1 1 1 1 1 1 1 1 0 0 1 0 1 0 0 1 1 1 1 0 0 1
0 1 1 1 1 1 1 0 1 0 1 1 1 1 1 1 1 1 0 1 1 1 1 0 0 1 0 1 1 0 1 1 0 1 1 0 1 1 1 0 1 1 1 0 1 1 1 0 1 1 1 1 1 1 1 1 1 1 1 1 0 1 1 1 1 1 1 1 1 1 1 0 1 1 1 1 0 0 1 1 1 0 1 1 1 1 0 1 1 0 1 1 1 1 1 1 1 1 1 1 0 0 1 1 0 1 1 0 1 2 2 2 0 0 1 2 0 1 1 1 1 0 1 1 2 2 2 0 2 0 1 0 2 0 1 2 2 2 1 1 1 0 1 1 1 1 1 1 1 1 1 1 1 1 1 1 1 1 1 0
0 1 0 1 1 1 0 0 1 1 1 1 1 0 1 1 0 0 1 1 1 1 1 1 1 1 1 1 0 0 0 1 1 1 1 1 1 0 0 1 1 1 1 1 0 1 1 1 1 1 1 0 1 1 0 1 1 1 1 1 1 1 1 1 1 1 1 1 1 1 0 1 0 1 0 1 1 1 1 1 1 1 1 1 0 1 0 1 1 1 1 1 1 0 1 1 1 1 1 1 0 1 0 0 1 1 0 0 1 1 2 1 0 1 1 1 2 0 1 0 2 2 2 1 2 1 0 1 0 2 1 0 2 2 1 2 1 2 1 1 1 1 1 1 1 0 0 1 1 1 1 1 1 0 1 1 1 1 1 0
a2 a2 a2 a2 a2 a2 a2 a2 a2 a2 a2 a2 a2 a2 a2 a2 a2 a2 a2 a2 a2 a2 a2 a2 a2 a2 a2 a2 a2 a2 a2 a2 a2 a2 a2 a2 a2 a2 a2 a2 a2 1 1 0 1 1 1 1 1 1 1 1 0 1 1 1 1 1 1 1 1 1 1 1 1 1 1 0 1 0 1 1 1 1 1 1 1 1 1 1 1 1 1 1 1 1 1 0 0 1 0 1 1 1 1 1 1 1 1 1 1 0 1 1 1 1 1 1 1 2 2 1 1 2 0 2 1 0 1 2 1 2 1 2 1 2 1 2 2 0 2 1 2 1 2 1 2 0 1 1 1 0 1 1 1 1 1 1 1 1 1 0 1 1 1 1 1 0 0 1
1 1 1 0 0 1 1 0 1 1 1 1 1 1 0 1 0 1 1 1 1 1 0 0 1 1 0 1 0 0 0 1 1 0 0 1 1 1 0 1 a2 1 0 1 1 1 1 1 1 1 1 1 1 1 1 1 0 1 1 1 1 1 0 0 0 1 1 1 1 1 1 1 0 1 1 1 0 1 1 1 1 1 1 0 1 1 1 1 1 0 0 0 1 1 0 1 1 1 1 1 1 1 1 1 1 1 1 1 0 0 0 2 1 1 2 2 2 2 1 1 2 2 1 1 1 2 0 0 2 0 1 0 0 2 1 1 0 0 1 1 1 1 1 0 1 0 1 1 1 1 1 1 1 0 0 1 1 1 1 1
1 0 1 0 0 1 1 1 1 1 0 1 1 1 1 1 1 0 1 1 1 1 1 0 1 1 1 1 1 1 1 1 1 1 1 1 1 1 1 1 a2 1 1 1 1 1 1 1 1 1 1 1 1 1 1 1 1 1 1 1 1 1 0 1 1 1 1 1 0 1 1 1 1 1 0 1 0 1 0 1 0 1 1 1 1 1 1 1 0 1 1 0 1 0 1 0 1 1 0 0 1 1 0 1 1 0 1 1 1 2 2 2 2 0 0 0 1 0 1 2 0 1 2 2 0 1 1 1 1 1 2 2 1 2 0 1 2 2 1 1 1 1 1 1 1 1 0 0 1 1 1 1 1 1 0 0 1 1 1 1
1 1 0 1 1 1 1 1 1 1 1 1 0 1 0 0 1 1 0 1 0 1 1 1 0 1 1 1 1 1 1 0 1 1 1 1 0 1 1 1 a2 1 1 1 0 1 1 1 1 1 1 1 1 1 1 1 0 1 1 0 1 1 1 1 1 1 1 1 1 1 1 0 1 1 1 1 1 1 1 0 0 1 1 0 1 1 0 1 1 0 1 1 1 1 1 1 1 0 1 1 1 1 1 1 1 1 1 1 1 1 1 1 1 1 1 2 2 2 2 1 0 0 2 1 2 2 1 2 0 2 1 2 2 2 2 1 1 0 0 1 1 1 1 1 1 0 0 1 1 1 1 1 0 1 1 0 1 0 1 0
1 1 0 1 1 0 1 0 1 1 0 1 1 0 1 1 1 0 1 0 1 1 0 0 1 1 0 1 1 1 1 0 1 1 1 1 1 1 0 1 a2 1 1 1 0 1 1 1 0 1 1 0 0 1 1 1 1 1 0 1 0 0 1 1 1 0 1 1 1 1 1 1 1 1 1 1 1 1 1 0 1 0 1 1 1 1 1 1 1 1 1 1 0 1 1 1 1 1 1 1 1 1 1 1 1 1 1 1 1 1 0 1 0 1 1 1 2 0 1 1 1 2 0 2 1 1 2 1 1 2 2 1 2 1 1 0 2 0 0 1 1 1 1 1 1 1 1 1 0 1 0 0 1 1 1 1 1 1 1 1
1 0 1 0 0 1 1 1 1 1 1 1 1 0 1 1 1 1 1 1 1 1 1 1 1 1 1 1 0 1 1 1 1 1 1 0 1 1 1 1 a2 1 1 1 1 1 1 1 1 1 1 1 0 1 1 1 1 1 1 1 1 0 0 1 0 1 0 1 1 0 1 0 1 1 1 1 1 0 1 1 1 1 1 0 1 0 0 1 1 0 1 1 1 0 1 0 0 1 1 1 0 1 0 1 1 1 1 1 1 2 1 2 0 1 0 1 1 2 1 0 0 1 2 1 0 0 2 0 0 1 0 1 0 2 1 1 2 1 0 1 1 1 0 1 0 1 1 1 0 1 1 1 1 1 1 1 0 1 0 1
1 1 1 1 1 0 1 1 1 1 1 1 1 1 1 1 1 1 1 1 0 1 1 1 1 1 1 1 1 1 1 1 1 1 1 1 1 1 0 1 a2 1 1 0 0 1 1 1 1 1 1 1 1 1 1 1 1 1 1 0 1 1 1 1 1 0 1 1 1 0 1 1 0 1 1 0 1 0 1 1 1 1 1 1 1 1 1 1 0 1 1 1 0 0 1 0 1 1 1 0 1 1 1 1 0 1 1 1 1 0 2 0 2 1 2 0 1 2 0 0 0 1 2 1 0 2 1 0 1 2 1 0 1 2 1 2 2 0 1 1 0 1 1 1 1 1 1 1 1 1 1 1 1 1 0 1 1 0 0 1
0 1 1 1 1 1 0 1 0 1 1 1 1 1 1 1 1 0 1 1 1 0 1 1 1 0 1 1 1 0 1 1 1 1 1 0 1 1 1 1 a2 1 1 1 1 1 1 1 1 1 1 0 1 1 1 1 1 1 1 1 1 0 1 1 0 0 0 1 1 1 1 1 1 0 1 1 0 1 0 1 0 1 1 0 1 1 0 0 1 1 1 1 0 1 1 1 1 1 1 1 1 0 1 1 1 1 1 1 1 2 1 1 1 1 2 2 2 0 1 2 0 1 1 0 2 1 2 2 1 1 1 0 0 2 2 2 0 2 1 1 1 0 1 1 1 1 1 1 1 1 1 1 1 1 1 0 1 0 1 1
1 1 1 1 1 1 1 1 1 1 1 1 1 0 1 0 1 0 0 0 1 1 1 1 1 1 1 1 0 1 1 1 1 1 0 0 1 1 1 1 a2 0 1 1 1 0 1 0 1 1 1 1 0 1 1 0 1 1 1 1 1 1 0 1 1 1 1 1 1 1 1 1 1 1 0 1 1 1 1 1 1 0 1 1 0 1 1 1 0 1 1 1 1 1 1 1 0 1 1 1 1 1 1 1 1 0 1 1 0 1 1 2 0 1 2 1 1 1 2 1 2 2 1 2 0 1 2 1 0 2 1 1 1 1 1 0 2 1 2 1 1 1 1 1 1 0 1 1 1 1 1 1 1 0 1 1 1 1 1 0
0 1 1 0 0 1 1 1 0 1 0 1 1 1 1 1 1 1 1 0 1 1 1 1 1 1 1 1 1 1 1 1 0 1 1 1 1 1 1 1 a2 1 1 0 1 0 1 1 1 1 1 1 1 1 1 1 1 1 1 1 1 1 1 1 1 1 1 1 0 1 1 1 1 0 1 0 1 1 1 1 0 1 0 0 0 1 1 1 1 1 1 1 0 0 0 1 1 1 1 0 1 1 0 0 0 1 1 1 1 1 1 2 2 1 1 1 2 1 1 1 1 2 1 2 2 2 0 2 2 1 2 0 1 1 2 2 0 1 1 1 1 1 1 1 1 0 1 1 1 1 0 1 1 1 1 0 1 1 1 0
1 1 1 1 1 1 1 1 1 1 1 1 1 1 1 1 0 1 1 0 0 1 1 1 1 0 1 1 1 0 1 1 1 0 1 1 1 0 0 0 a2 1 1 1 1 1 1 1 1 1 1 1 1 1 0 1 1 1 1 1 1 1 0 1 1 0 1 1 1 1 1 1 1 1 1 1 1 1 0 0 1 1 1 0 1 1 0 1 1 1 1 1 1 1 1 1 0 1 0 1 1 1 1 1 1 0 0 1 1 2 1 0 1 1 0 1 1 1 1 0 0 2 0 1 0 2 0 2 0 2 2 2 1 1 1 2 1 2 2 0 1 0 1 1 0 2 1 1 0 1 1 1 1 1 1 1 0 1 1 1
1 1 0 1 1 1 0 1 1 1 1 1 1 0 1 1 0 1 0 1 1 0 0 0 1 0 1 1 1 1 1 1 1 1 1 1 1 0 1 1 a2 1 1 1 1 1 1 1 0 1 1 1 1 1 1 1 1 1 1 1 1 1 0 1 0 1 0 1 1 1 1 1 1 1 1 1 0 1 1 1 0 1 1 1 0 1 0 1 1 1 1 1 0 0 1 1 1 1 1 0 0 0 1 1 1 1 1 1 1 2 1 1 2 1 0 1 1 2 2 1 2 2 2 2 2 2 2 2 0 2 2 1 2 1 0 0 2 0 2 1 1 0 2 1 0 2 1 1 1 1 1 1 1 1 0 1 1 1 1 1
1 1 0 1 1 1 0 1 1 1 1 0 1 1 1 1 1 1 1 1 0 0 1 1 1 1 0 1 1 0 1 0 1 0 1 1 0 1 1 0 a2 1 1 1 1 1 1 1 1 1 0 1 0 1 1 1 0 1 1 1 0 1 1 1 0 1 1 1 0 0 1 1 1 1 1 1 1 1 1 1 1 1 1 1 1 1 0 1 1 1 1 1 0 1 0 1 1 1 1 1 1 1 1 0 1 0 1 1 1 0 0 2 2 1 2 2 0 2 0 2 2 2 2 2 2 0 2 2 2 1 2 2 0 0 2 2 2 2 2 1 0 0 2 0 1 2 0 1 1 1 1 1 0 0 1 1 1 0 1 1
0 1 1 1 1 1 0 1 1 0 1 1 1 0 1 1 0 1 0 0 0 1 0 1 1 1 0 1 1 1 1 1 1 1 0 1 1 1 1 1 a2 1 1 1 1 1 1 0 1 0 1 1 0 1 1 1 1 0 1 1 1 1 0 1 0 1 1 1 1 1 1 0 1 1 1 1 1 1 1 0 1 1 0 1 1 0 1 1 0 1 1 1 1 1 1 1 1 1 1 1 1 1 1 0 1 1 0 1 1 2 1 2 0 2 2 1 1 1 2 1 2 0 2 2 0 2 1 0 2 0 2 2 0 2 2 0 2 1 2 1 2 2 2 2 1 1 0 1 1 1 1 1 1 0 1 1 1 0 1 1
1 1 0 1 1 1 1 1 1 0 1 1 1 1 1 0 1 0 1 1 0 1 1 1 1 1 1 1 1 1 1 1 1 1 1 1 0 1 1 1 a2 1 1 1 1 1 1 1 0 1 1 1 1 0 1 0 1 1 1 1 1 1 1 1 1 1 1 0 1 1 1 1 1 1 0 1 1 0 1 1 1 1 1 1 1 1 1 1 1 1 1 1 0 0 1 1 1 0 0 0 1 1 1 0 1 1 1 0 0 2 2 0 2 1 0 2 0 0 1 0 2 2 2 1 0 2 2 2 2 2 2 2 2 2 2 1 2 2 0 1 1 1 2 1 2 0 0 1 1 0 1 1 1 0 1 1 1 1 1 1
1 1 1 1 1 1 1 1 0 0 1 1 1 1 1 0 1 1 1 1 1 1 0 1 0 1 1 1 1 1 1 1 1 1 0 1 1 1 1 1 a2 1 1 1 1 0 1 0 1 1 1 1 1 1 1 1 1 1 1 1 1 0 1 1 1 1 1 0 1 1 1 0 0 1 0 1 1 1 1 1 1 1 0 0 1 1 0 1 1 1 1 1 0 1 0 1 1 0 1 1 1 1 1 1 1 1 1 1 1 0 2 1 2 1 0 2 1 2 2 2 1 2 0 1 0 0 2 0 0 2 0 2 2 2 1 2 1 0 1 1 2 2 0 1 2 1 1 1 0 1 1 1 1 1 1 1 0 0 1 1
1 1 1 1 1 1 1 1 0 1 1 1 0 1 0 1 0 1 0 1 1 1 1 1 1 1 1 1 0 1 1 0 1 1 1 1 0 1 0 1 a2 1 1 1 1 1 1 1 0 0 1 1 1 1 1 1 1 1 1 1 1 0 1 1 1 1 1 1 1 1 1 0 1 1 0 1 0 0 1 0 1 1 1 0 0 1 1 1 1 1 0 0 0 1 0 1 1 0 0 1 1 1 1 1 1 1 1 1 1 0 2 2 2 1 1 0 0 2 2 2 0 0 1 2 0 0 2 1 1 1 1 0 0 2 2 2 2 2 0 1 2 1 0 0 1 2 2 1 1 1 1 1 0 1 0 0 1 1 1 0
1 1 1 1 1 1 1 1 1 1 1 1 1 1 0 0 1 1 1 0 1 1 1 1 1 0 1 1 1 1 1 1 1 1 0 0 0 1 1 0 a2 0 1 1 0 0 1 0 0 1 0 1 0 1 1 1 1 1 1 1 1 1 1 1 1 0 1 1 1 1 1 1 1 1 1 1 1 1 1 1 1 1 0 1 1 1 1 1 1 1 1 1 1 1 1 1 1 1 1 0 0 1 0 1 1 0 0 1 0 1 1 2 2 1 1 2 0 2 2 1 2 1 1 2 2 2 2 0 1 0 0 2 2 2 2 0 2 2 0 2 2 2 2 2 0 1 2 1 1 1 1 0 0 1 1 1 1 1 1 0
0 1 1 1 1 1 1 1 1 1 1 1 1 1 1 1 1 0 1 1 1 0 1 1 1 1 0 1 1 1 0 1 1 1 0 1 1 1 0 0 a2 1 0 1 1 1 0 1 1 1 1 1 0 1 1 1 1 0 1 1 1 1 1 0 1 1 1 0 0 1 1 1 1 1 1 1 1 1 1 1 1 1 0 0 0 1 1 1 1 1 1 1 1 0 1 1 1 0 1 0 0 1 1 1 0 1 1 1 1 1 1 1 1 0 1 2 2 2 2 2 2 2 2 0 1 0 1 2 1 1 2 2 2 1 2 1 2 2 0 1 2 1 0 0 1 0 2 0 1 1 1 1 1 1 1 1 1 0 1 1
1 1 1 1 1 1 0 0 1 1 0 1 1 1 1 1 1 0 0 1 1 1 1 0 1 0 0 1 0 1 1 0 1 1 0 1 1 1 0 1 a2 0 1 0 1 1 1 1 0 1 1 1 1 1 1 1 1 1 1 1 0 1 1 0 1 1 1 1 0 1 0 1 1 1 1 0 1 0 0 0 1 0 1 1 1 1 1 1 1 1 1 1 1 1 1 1 1 1 1 1 1 0 0 0 1 1 0 0 2 1 2 1 2 2 2 0 2 2 0 2 2 1 2 2 0 2 2 2 2 2 2 2 0 0 2 2 2 2 1 0 1 2 1 2 2 2 0 1 1 1 1 1 1 1 0 1 1 1 1 1
1 1 1 1 1 1 1 1 1 1 1 1 0 0 1 0 0 1 1 1 1 1 1 1 1 0 1 1 1 1 1 0 0 1 1 1 0 1 1 1 a2 1 0 0 1 0 1 1 1 1 0 1 1 1 0 1 1 1 1 1 1 1 0 1 1 1 1 0 1 1 1 1 0 0 1 0 0 1 0 0 1 0 1 1 1 1 1 1 1 1 1 1 1 1 1 0 1 1 1 1 1 0 1 1 0 1 1 1 2 0 2 1 1 2 2 2 2 2 2 2 0 0 0 1 2 0 2 0 2 0 2 2 2 0 2 2 2 2 2 2 1 0 2 1 2 1 2 0 1 1 1 1 1 1 0 0 1 1 0 1
1 0 1 1 1 1 1 0 0 1 1 1 1 1 0 1 1 1 1 1 1 1 1 1 1 1 1 1 1 1 1 0 1 1 1 1 0 1 1 0 a2 0 1 0 1 0 1 1 1 1 1 1 0 1 1 0 1 1 0 0 0 1 0 1 0 1 0 1 0 1 1 0 0 1 1 1 1 1 1 0 1 1 1 1 0 1 1 1 1 1 1 1 1 1 1 1 1 0 0 1 0 1 1 1 1 1 0 1 0 0 0 2 1 2 0 2 2 2 2 2 2 0 2 2 2 2 2 2 2 2 2 2 2 2 2 2 2 2 2 2 2 0 0 2 2 1 1 0 0 0 1 1 1 1 0 1 1 0 0 1
0 1 1 1 1 1 0 1 1 0 1 1 1 1 1 1 1 1 1 0 0 1 1 1 1 1 1 1 1 1 1 0 1 1 1 1 1 1 0 1 a2 0 1 1 1 1 1 1 1 1 1 1 1 0 1 1 1 0 1 1 1 1 1 1 1 0 0 1 1 1 0 1 1 1 1 0 1 1 1 1 1 1 1 1 1 1 0 1 1 1 0 1 1 1 1 1 1 1 1 1 1 1 1 0 1 1 0 2 0 2 0 2 2 2 2 2 1 2 2 2 2 2 0 2 1 2 2 2 2 2 0 2 2 2 0 2 2 2 2 2 2 2 0 0 1 2 1 1 1 0 1 1 1 1 1 0 1 1 1 0
1 1 1 1 0 1 0 0 1 1 1 1 1 0 1 1 1 1 1 0 0 0 1 1 1 1 1 1 0 0 1 1 0 0 0 1 1 1 1 0 a2 1 1 0 1 1 0 1 1 0 1 1 1 1 1 1 1 1 1 1 1 0 0 1 1 0 1 0 1 1 1 1 1 1 1 1 0 1 1 0 1 1 1 1 1 1 1 1 1 0 1 1 1 1 0 0 0 1 0 0 1 1 1 0 1 1 1 2 2 1 2 0 0 2 2 2 2 0 2 2 0 2 2 2 2 1 1 1 0 2 2 2 2 2 2 2 2 0 2 2 2 0 2 1 2 0 2 1 1 0 1 1 1 0 0 0 1 1 1 1
1 1 1 1 0 1 0 1 1 1 1 1 1 1 1 0 0 1 1 1 1 1 1 1 1 1 1 0 1 0 1 1 1 1 0 1 1 1 1 0 a2 1 1 1 1 0 1 0 1 1 1 0 1 0 1 1 1 1 1 1 1 1 1 1 0 1 1 1 0 1 0 1 0 1 1 0 0 1 1 0 1 1 1 1 1 0 1 1 1 1 1 1 1 1 1 1 1 1 0 1 1 1 1 1 1 1 1 1 2 2 0 2 1 1 1 2 2 1 2 2 2 2 0 2 2 0 2 2 2 0 0 0 2 1 1 0 2 2 2 1 2 2 1 0 1 1 1 0 1 1 0 1 1 1 1 1 0 1 1 0
1 0 1 0 1 1 1 0 1 1 1 1 1 1 1 1 1 0 1 1 0 1 1 1 0 1 1 1 1 1 1 1 1 1 1 0 1 1 1 1 a2 1 1 1 1 1 1 0 1 1 1 1 1 1 1 1 0 0 1 1 1 0 1 1 1 0 1 1 1 1 1 1 1 0 1 1 1 1 1 1 1 1 1 1 0 0 1 1 1 1 2 2 1 2 0 1 2 1 0 2 1 2 2 2 2 1 2 2 1 1 2 0 1 0 2 0 2 2 2 2 2 2 1 2 2 1 0 1 0 2 0 2 2 2 2 2 0 2 2 2 2 0 0 1 1 2 1 1 1 1 1 1 1 1 0 1 0 1 0 1
1 1 1 0 0 1 1 1 1 1 1 1 1 1 1 1 1 1 1 1 1 1 1 1 1 1 1 1 1 1 1 1 1 1 1 0 1 1 0 1 a2 1 1 0 1 1 1 1 1 1 1 1 1 0 1 1 1 1 1 1 1 1 1 0 0 0 1 1 1 0 1 1 1 1 1 1 1 1 1 1 0 1 1 1 1 1 1 1 0 1 0 0 1 2 0 2 2 1 0 0 2 1 1 1 0 1 1 2 0 0 2 1 1 2 1 0 2 0 2 2 2 2 2 2 1 1 2 0 2 2 2 2 0 2 1 2 0 1 1 2 2 1 1 2 2 0 2 0 1 1 1 1 1 1 1 0 1 1 0 1
1 1 1 1 1 1 1 0 1 1 1 0 0 1 1 1 1 0 1 1 1 1 1 1 1 1 0 0 1 1 1 1 0 0 1 1 1 1 0 0 a2 1 0 1 1 1 1 0 1 1 1 1 1 1 0 1 1 1 1 1 1 1 1 0 1 0 1 1 1 1 1 1 1 1 1 1 1 1 1 1 1 1 0 1 1 0 1 1 0 2 2 2 2 2 1 1 1 1 0 0 2 1 2 1 0 1 0 0 2 1 2 2 2 2 2 0 1 2 0 2 2 2 1 2 1 2 2 2 2 1 1 0 2 2 2 2 2 0 1 0 1 2 2 0 2 0 2 1 1 1 1 1 1 1 0 1 1 1 1 1
1 1 0 1 1 1 1 1 0 0 0 1 0 0 1 1 0 1 1 1 0 1 1 0 1 1 0 1 1 1 1 0 0 1 1 1 1 1 1 1 a2 0 1 0 0 1 1 1 1 1 1 0 1 1 1 1 1 1 1 a3 a3 a3 a3 a3 a3 a3 a3 a3 a3 a3 a3 a3 a3 a3 a3 a3 a3 a3 a3 a3 a3 a3 a3 a3 a3 a3 a3 a3 b3 a3 a3 a3 b3 b3 a3 b3 a3 b3 b3 b3 b3 b3 a3 a3 b3 a3 b3 b3 b3 a3 a3 b3 b3 b3 b3 a3 b3 b3 b3 a3 b3 b3 b3 b3 b3 b3 b3 b3 a3 b3 b3 b3 b3 a3 b3 b3 b3 b3 b3 b3 b3 b3 a3 b3 b3 b3 b3 a3 a3 a3 a3 a3 a3 a3 a3 a3 a3 a3 a3 a3
1 1 1 1 1 1 1 1 1 1 1 1 1 1 1 1 0 1 1 1 1 1 1 0 0 1 0 1 1 1 1 1 1 0 1 0 1 0 1 1 a2 1 1 0 0 1 0 1 1 1 1 1 1 1 1 1 1 1 1 a3 0 1 1 1 1 0 1 1 1 1 1 1 1 0 1 0 1 1 1 0 1 1 1 1 1 1 1 1 1 1 1 2 0 2 1 0 2 2 0 2 1 2 1 1 2 1 2 2 2 0 2 0 2 1 2 2 2 2 2 2 2 2 2 0 2 2 2 0 2 2 2 2 0 2 2 2 2 2 2 2 1 2 2 1 0 2 2 1 1 1 0 1 1 1 1 1 0 1 1 1
0 1 1 1 0 1 1 1 0 1 1 0 0 1 1 0 1 1 0 1 1 1 1 1 1 1 1 1 1 1 1 1 1 1 1 1 1 1 1 1 a2 0 1 1 1 1 0 1 1 1 1 1 1 1 0 1 1 1 1 a3 1 1 0 1 1 1 1 1 1 1 1 1 1 0 1 0 1 1 0 0 0 1 1 1 0 1 0 1 1 1 1 0 0 2 0 1 2 1 0 0 1 1 0 1 1 1 2 2 2 2 2 2 2 2 0 0 2 2 0 2 2 2 2 2 1 2 0 2 2 0 2 2 2 2 1 0 2 2 2 2 2 2 2 0 0 2 0 1 1 1 1 1 1 1 0 1 1 1 1 1
1 1 1 1 1 1 1 1 0 0 1 1 1 0 1 1 1 1 1 1 1 1 1 1 0 1 1 0 0 0 1 1 1 1 0 1 1 1 1 0 a2 1 1 1 1 1 0 1 1 1 1 1 0 0 0 1 1 1 1 a3 1 1 1 0 1 0 1 0 1 0 1 1 1 1 0 1 1 1 1 1 1 0 1 1 0 1 1 0 2 1 2 2 0 2 2 0 1 0 1 1 1 2 2 0 1 2 1 1 0 2 2 2 1 1 2 2 2 0 2 2 0 1 2 2 2 1 2 2 2 2 2 2 0 2 2 2 2 2 1 1 2 2 1 1 2 2 1 0 1 1 1 1 1 1 1 1 0 1 1 1
0 1 1 0 1 1 0 1 1 1 1 1 1 1 1 1 0 1 1 0 1 0 0 1 1 1 1 1 0 1 1 1 0 0 1 1 1 1 1 1 a2 1 1 0 1 1 1 1 1 0 1 1 1 1 1 1 0 0 1 a3 1 1 1 1 1 1 1 0 1 1 1 0 1 0 1 1 1 1 1 0 1 1 1 1 1 1 0 1 0 2 2 2 0 2 1 2 2 1 1 1 0 1 0 1 2 2 1 2 2 2 0 0 2 0 1 2 2 2 2 1 2 0 2 2 2 2 0 0 0 0 0 0 2 2 2 2 0 2 2 2 2 2 0 0 2 2 0 1 1 0 1 0 0 0 1 0 1 1 1 1
0 0 1 0 0 0 0 1 1 1 1 0 1 0 1 1 1 0 1 1 1 1 0 1 1 0 1 1 1 1 1 1 0 0 0 0 1 1 1 1 a2 1 1 1 0 1 1 1 1 1 0 1 1 1 0 1 1 1 1 a3 1 0 0 1 0 1 0 0 0 1 0 1 1 1 1 0 1 1 1 1 1 1 0 0 1 1 1 1 1 1 2 0 1 1 2 1 0 2 2 1 2 2 2 1 1 1 2 1 2 2 2 0 2 0 2 2 0 2 2 2 2 0 2 2 1 1 0 2 2 2 2 0 2 2 2 2 0 2 2 1 2 0 0 1 2 1 0 1 1 1 0 1 1 1 1 1 1 1 1 1
1 1 1 1 1 0 1 1 1 0 0 1 0 1 1 0 1 0 1 0 0 1 1 0 1 1 1 1 1 1 1 1 1 1 1 1 0 1 1 1 a2 1 1 1 1 1 1 1 1 1 1 1 0 1 1 1 1 0 1 a3 0 1 0 1 1 0 0 1 1 1 1 1 1 1 1 1 1 1 1 1 1 1 0 1 1 1 1 1 1 2 2 2 2 1 2 2 2 2 1 1 2 1 2 2 2 2 2 2 0 2 1 2 1 2 2 0 0 1 2 0 2 2 2 2 2 2 0 2 1 0 0 0 2 1 2 2 2 2 0 2 1 2 2 2 2 0 2 1 0 1 0 1 0 1 1 0 1 1 1 1
1 1 1 1 1 0 1 1 1 0 1 1 1 0 1 1 1 1 1 1 1 1 0 1 0 1 1 1 1 1 1 1 1 1 1 1 0 1 1 1 a2 1 0 1 0 1 0 1 0 1 0 1 0 1 1 1 0 1 0 a3 1 1 1 1 1 1 1 1 1 1 0 1 1 1 1 1 0 1 1 0 1 1 1 0 1 1 1 2 1 1 2 2 1 2 2 0 2 2 2 0 0 0 2 2 2 2 2 2 2 2 1 0 2 2 0 0 2 2 1 2 2 1 2 2 2 2 2 2 2 0 2 1 1 1 2 2 0 1 2 2 0 2 2 1 2 2 0 0 1 1 0 0 1 1 1 1 1 1 1 0
1 1 1 1 1 1 1 1 0 1 1 1 1 1 1 1 0 0 0 0 0 1 1 0 1 1 0 1 1 1 1 1 1 1 1 0 1 1 1 0 a2 1 0 1 1 1 1 1 1 0 1 1 1 1 1 1 1 1 1 a3 0 1 1 1 0 1 1 1 0 1 1 1 0 0 1 1 1 1 1 1 0 0 1 0 0 0 1 1 2 0 2 2 2 2 1 0 0 0 2 2 2 2 2 1 0 2 2 0 2 2 2 0 2 2 0 0 2 0 0 0 2 0 2 0 2 2 2 2 2 2 2 2 0 2 0 2 2 1 2 2 2 2 1 2 1 0 0 1 1 1 1 1 0 0 0 1 1 1 1 1
1 1 1 1 1 1 1 1 1 1 1 1 1 1 1 1 1 1 0 0 1 1 1 1 0 1 1 1 1 1 1 1 1 0 1 1 1 0 1 1 a2 1 0 0 1 1 1 1 0 1 0 1 1 1 1 1 1 1 1 a3 1 1 0 1 1 1 1 1 0 1 1 1 1 1 0 1 1 1 1 0 1 1 1 1 1 1 1 0 0 2 2 1 2 2 2 2 2 2 0 1 2 2 2 2 2 1 2 1 0 2 2 0 2 2 2 2 2 0 2 2 2 2 2 2 2 2 0 0 2 0 2 1 2 2 2 2 2 0 2 0 2 2 1 2 2 2 1 1 1 1 1 1 1 0 1 1 1 1 0 1
1 1 0 0 1 1 0 0 1 1 1 1 1 1 1 1 1 1 1 1 1 1 1 1 1 1 1 1 0 1 1 1 1 1 1 1 1 1 1 0 a2 0 0 0 1 1 1 1 1 1 1 1 0 1 1 1 1 1 1 a3 1 1 0 1 1 1 1 1 0 0 0 1 1 1 1 1 0 1 1 1 1 1 0 1 1 1 1 0 2 2 1 0 2 2 0 0 2 2 1 2 0 2 2 2 2 2 1 1 2 0 2 2 2 2 2 1 2 0 2 0 2 2 2 2 2 1 2 2 2 2 2 0 2 2 2 0 2 2 2 2 2 2 2 1 1 2 2 1 1 1 1 1 1 1 1 1 1 1 0 0
1 1 1 1 0 1 0 0 0 1 1 0 1 0 1 1 1 1 0 0 1 1 1 1 1 1 1 1 1 1 1 1 0 0 1 1 1 1 1 1 a2 1 1 1 1 1 1 1 1 1 0 1 1 1 1 0 1 1 0 a3 1 0 1 1 0 0 1 1 0 0 1 0 1 1 0 1 1 1 1 1 1 0 1 1 1 1 1 1 2 0 2 0 2 2 2 2 1 1 2 2 2 2 1 2 1 2 0 2 0 2 2 2 2 2 2 2 2 0 2 0 2 0 0 2 2 2 2 2 2 2 0 2 2 2 2 2 2 0 2 2 0 2 2 0 1 1 1 1 1 1 1 1 1 1 0 1 1 1 0 1
a2 a2 a2 a2 a2 a2 a2 a2 a2 a2 a2 a2 a2 a2 a2 a2 a2 a2 a2 a2 a2 a2 a2 a2 a2 a2 a2 a2 a2 a2 a2 a2 a2 a2 a2 a2 a2 a2 a2 a2 a2 1 1 1 1 1 1 1 1 0 1 1 1 1 0 1 1 0 1 a3 1 1 1 0 1 1 1 1 1 1 0 1 1 1 1 1 1 1 0 1 0 1 1 1 1 1 1 2 1 1 0 2 1 2 1 0 1 1 1 1 0 2 2 2 1 2 2 2 2 0 0 2 0 2 2 2 2 2 2 2 0 2 0 2 1 2 2 2 1 2 2 1 0 2 2 2 2 1 2 0 1 0 1 0 1 1 1 1 1 1 1 1 1 1 1 0 1 1 1 1
1 1 0 1 1 1 1 1 1 0 1 1 1 1 1 1 1 1 1 1 0 0 1 1 1 1 1 1 1 1 0 1 1 1 1 0 1 1 1 1 1 1 1 1 1 1 1 0 1 1 0 1 1 1 1 1 1 1 0 a3 1 0 1 1 1 1 0 1 1 1 1 1 1 0 1 1 1 1 1 1 0 1 1 0 0 1 1 0 2 2 2 2 2 1 1 1 2 1 0 0 0 2 2 2 2 1 0 2 2 1 0 2 2 2 2 2 2 0 2 1 2 2 0 1 2 1 2 1 2 2 2 0 2 2 2 2 1 2 2 2 2 2 1 2 0 1 2 0 0 0 0 2 1 2 2 0 2 2 1 1
1 1 1 1 1 1 0 1 1 1 1 1 1 1 1 1 1 1 1 1 1 1 1 1 0 1 1 1 0 1 1 1 0 1 1 1 1 1 1 1 1 0 1 1 1 1 1 1 0 0 1 0 1 1 1 1 1 1 0 a3 1 1 1 0 0 0 1 1 1 0 1 1 0 1 1 1 1 1 0 1 0 1 1 1 1 1 1 0 0 2 0 0 1 0 0 2 2 2 1 2 1 1 0 2 2 2 1 2 2 2 0 2 1 2 0 2 2 0 2 2 0 2 2 2 0 2 1 2 2 0 0 2 2 2 0 2 2 2 2 2 2 2 2 1 2 1 2 2 1 2 0 1 1 0 0 1 1 0 1 1
1 1 1 1 1 1 1 1 1 1 1 1 1 1 1 0 0 1 1 1 1 1 1 1 1 1 0 1 0 1 1 0 1 1 1 1 0 1 1 1 1 1 1 0 1 1 0 1 1 1 1 0 1 0 1 0 1 1 1 a3 1 1 1 1 1 1 1 1 1 0 0 0 1 1 1 1 0 1 1 1 0 1 1 1 1 0 1 0 1 2 0 2 2 2 0 2 2 0 2 0 1 2 1 1 0 2 0 2 2 1 2 2 2 2 2 2 1 2 2 1 1 2 2 2 2 2 2 2 2 0 1 2 0 2 1 2 0 2 2 2 0 2 2 2 1 1 2 2 0 1 0 0 1 1 1 1 0 0 1 0
1 0 1 1 1 1 1 1 1 0 1 1 1 1 0 1 1 1 0 1 1 1 1 0 1 0 1 1 1 1 1 0 1 1 0 1 1 1 1 1 1 1 1 1 1 1 1 0 1 1 1 0 1 1 1 1 1 1 0 a3 1 1 1 0 1 0 0 1 1 1 0 1 1 1 1 0 1 0 1 0 0 0 1 0 1 1 1 1 2 2 2 2 1 1 0 0 2 2 2 0 2 0 2 2 2 0 0 2 2 0 2 2 2 2 2 2 0 0 2 2 2 1 2 2 2 2 2 1 2 2 1 2 2 2 0 2 2 1 2 1 2 1 2 0 2 1 1 2 0 0 2 0 2 0 0 0 1 0 1 1
0 0 0 1 1 1 1 1 1 1 1 1 0 1 1 1 1 0 1 1 1 0 a4 a4 a4 a4 a4 a4 a4 a4 a4 a4 a4 a4 a4 a4 a4 a4 a4 a4 a4 a4 a4 1 1 1 1 1 1 1 1 1 1 1 0 1 0 1 1 a3 1 1 1 1 1 1 1 1 1 1 1 0 1 1 0 1 1 1 1 1 1 1 1 1 1 1 1 2 2 2 1 2 0 2 0 0 0 1 2 1 0 0 1 2 2 2 2 1 1 2 0 b1 b1 b1 b1 b1 b1 b1 b1 b1 a1 b1 b1 b1 b1 b1 a1 b1 b1 b1 b1 b1 b1 b1 b1 b1 b1 a1 b1 b1 b1 b1 a1 b1 b1 a1 b1 b1 b1 a1 a1 a1 2 2 0 1 1 0 1 1
1 1 1 1 1 1 1 1 1 1 1 1 1 0 0 1 1 1 0 1 1 1 a4 1 0 1 1 1 1 1 1 0 1 1 1 1 1 1 1 1 1 1 a4 1 1 1 1 0 1 0 1 0 0 1 1 0 1 1 1 a3 1 1 1 1 1 1 1 1 0 0 0 0 1 0 0 1 1 1 0 1 1 1 1 1 1 1 1 2 1 2 1 0 2 1 2 0 1 2 2 2 1 2 1 2 1 0 2 2 2 2 2 b1 0 0 2 2 2 2 2 0 2 0 2 0 2 0 2 2 0 2 2 2 0 2 2 2 2 1 0 1 2 0 2 2 2 1 1 2 0 0 1 b1 0 2 0 1 2 2 1 1
1 1 1 1 0 1 1 1 1 1 1 1 1 1 1 1 1 1 1 1 0 1 a4 1 1 1 1 1 1 1 1 1 1 0 1 1 1 1 1 1 1 1 a4 1 0 1 1 1 1 1 1 1 1 1 1 1 1 0 1 a3 1 1 0 1 0 1 0 1 1 1 1 1 1 1 0 1 1 1 1 1 1 1 1 1 1 1 0 1 2 1 2 2 1 0 2 2 1 1 2 2 0 0 0 0 2 1 2 2 2 2 2 b1 2 2 2 2 2 2 2 2 2 1 1 1 0 2 1 0 2 0 0 2 2 0 0 2 2 2 2 0 0 0 2 1 0 2 1 2 0 0 2 a1 1 1 2 2 1 2 0 1
1 1 1 1 1 1 1 1 1 0 1 0 1 1 0 1 0 1 1 1 1 0 a4 1 1 0 1 1 1 1 1 1 1 1 1 1 1 1 1 1 1 1 a4 1 1 1 1 1 1 0 1 1 1 1 0 1 1 1 1 a3 1 1 1 1 1 0 1 1 1 1 1 1 1 1 0 1 1 1 0 1 1 1 0 1 1 1 0 0 2 1 2 2 2 2 2 0 2 2 2 2 2 0 0 2 2 0 1 2 0 2 1 b1 2 2 2 2 2 2 2 2 2 1 2 2 0 1 2 0 2 0 2 1 1 0 2 2 2 2 2 2 2 2 1 1 2 1 1 1 0 0 1 a1 2 2 1 1 1 0 1 1
1 1 1 1 1 1 0 0 1 1 1 0 1 1 1 1 1 1 1 1 0 1 a4 1 1 1 1 1 1 0 1 0 1 1 1 1 1 1 1 1 1 1 a4 1 0 0 1 0 1 0 0 0 1 1 1 1 1 1 1 a3 1 1 0 0 0 1 1 1 1 1 1 1 1 1 0 1 1 1 0 1 1 1 0 1 1 1 1 1 0 2 2 1 2 1 1 2 2 0 2 2 2 2 2 0 2 0 2 2 2 0 2 a1 2 2 2 0 2 2 1 0 0 2 2 2 2 1 2 1 0 1 2 2 2 0 2 1 2 2 2 2 0 2 2 1 2 2 2 0 1 0 2 a1 1 0 2 1 1 2 1 1
1 1 1 1 1 1 1 1 1 1 1 1 1 1 0 1 1 1 0 0 1 0 a4 1 1 1 1 1 1 1 1 1 0 1 1 1 1 1 1 1 1 1 a4 1 1 1 0 1 0 1 0 1 0 0 1 0 0 1 1 a3 1 1 1 1 1 0 1 1 1 0 1 1 0 0 0 1 1 1 1 1 1 0 1 1 1 1 1 1 2 0 1 2 0 2 0 2 0 2 2 2 0 2 2 2 2 1 2 1 0 1 0 b1 2 2 2 1 0 1 1 1 1 0 1 1 1 1 1 1 2 1 2 0 2 1 1 1 0 1 1 2 1 1 1 0 1 2 1 2 1 1 1 a1 2 1 2 1 0 2 0 1
1 1 1 1 1 1 1 1 1 1 1 1 1 1 1 1 0 1 1 1 1 0 a4 1 1 1 1 1 1 0 1 1 0 0 1 1 1 1 1 1 1 1 a4 1 1 0 1 0 0 0 1 1 0 1 0 0 1 0 1 a3 1 1 1 1 1 0 1 0 0 1 1 1 1 1 1 1 1 1 0 0 1 1 1 1 0 1 0 2 2 2 0 2 2 2 2 2 0 2 0 2 2 1 2 1 0 2 2 1 2 1 2 b1 0 2 2 2 2 1 1 0 1 1 0 0 1 1 1 1 2 2 1 1 0 2 1 1 2 1 1 1 0 2 2 1 0 2 0 1 2 0 0 b1 1 0 1 1 0 2 1 1
1 1 1 1 1 1 1 1 1 1 1 1 1 1 1 1 1 1 1 1 1 1 a4 0 1 1 0 1 0 1 1 1 1 1 1 0 1 1 1 1 1 1 a4 1 1 1 0 1 0 1 0 1 1 1 1 0 1 1 1 a3 1 1 1 1 0 0 1 1 1 1 1 0 1 1 1 1 1 1 0 0 1 0 1 0 0 1 0 1 2 1 2 2 2 0 2 1 1 2 2 2 2 1 2 0 2 0 2 2 2 1 2 b1 0 0 2 0 2 1 1 1 1 1 1 1 0 1 1 1 1 2 2 1 1 1 2 0 0 2 2 2 1 2 1 1 2 2 2 1 2 2 2 b1 2 1 2 1 0 2 0 1
1 1 1 1 1 0 1 0 1 0 1 0 1 1 1 1 1 1 0 1 1 1 a4 0 0 1 1 1 1 0 1 1 1 1 0 1 0 0 0 1 1 1 a4 1 1 1 1 0 1 1 1 1 1 1 0 0 1 0 0 a3 1 0 1 1 1 1 1 1 1 1 1 0 1 1 1 1 1 0 1 1 0 1 1 1 1 1 0 2 2 2 2 0 2 1 2 2 2 1 1 1 2 2 1 0 0 0 1 2 2 0 2 a1 1 2 0 2 2 1 1 0 1 1 1 1 1 1 1 1 2 2 2 0 0 1 1 1 0 2 2 1 0 1 0 0 2 1 0 2 0 1 2 b1 1 2 2 0 2 0 1 0
0 0 1 1 1 0 0 0 1 0 1 1 1 1 0 1 1 1 1 1 0 1 a4 1 1 1 1 1 0 1 1 1 1 0 1 1 1 0 1 1 1 1 a4 1 1 1 1 1 1 0 1 1 0 1 1 1 1 1 1 a3 1 0 1 1 1 1 1 1 1 1 1 0 1 0 0 1 1 1 1 1 1 1 0 1 1 1 0 2 0 0 2 2 1 2 2 2 0 2 2 1 1 2 0 1 2 1 2 2 2 0 2 b1 1 2 0 2 2 2 1 1 1 0 1 1 1 1 1 1 2 1 0 2 1 1 1 2 2 2 0 2 2 1 2 1 2 2 2 2 1 2 2 b1 1 0 1 2 1 2 1 1
1 1 1 1 1 1 0 0 1 1 1 1 1 0 0 1 1 0 1 1 0 0 a4 1 0 1 1 1 0 0 0 1 1 1 1 1 1 1 0 1 1 0 a4 0 1 0 1 1 1 1 0 1 1 1 1 0 1 1 1 a3 0 0 1 0 1 1 1 1 0 1 1 1 1 1 1 1 1 1 1 1 0 1 0 1 1 0 0 0 2 0 2 2 2 0 1 1 1 2 2 2 1 1 1 1 1 2 0 0 0 1 1 b1 1 1 2 2 1 0 0 1 1 1 1 0 1 0 1 1 0 2 1 1 1 1 2 1 2 1 0 1 1 2 1 0 1 0 2 1 2 2 2 a1 2 2 1 1 0 1 1 1
1 1 1 1 0 1 0 1 1 1 1 0 0 1 1 0 1 0 1 1 0 1 a4 1 1 1 1 1 1 0 1 1 1 1 0 1 1 0 1 1 1 1 a4 1 0 1 2 2 1 2 0 0 1 2 2 1 1 0 2 b3 2 2 1 0 1 2 0 2 0 2 2 2 2 1 2 2 1 0 1 0 1 1 1 1 0 1 1 0 2 0 2 0 0 1 1 0 0 2 0 0 0 2 0 0 1 2 1 2 0 1 1 b1 1 2 1 1 2 1 1 1 1 0 0 1 1 1 0 1 2 2 1 0 0 2 1 0 1 1 1 1 1 2 2 2 2 0 2 1 2 1 1 a1 0 1 1 2 2 2 0 1
0 1 0 1 1 1 1 1 0 1 1 1 0 1 1 1 1 1 1 1 0 1 a4 0 1 1 1 1 1 1 1 1 1 1 1 1 0 1 1 1 1 0 a4 1 1 1 2 1 1 0 0 1 0 1 2 1 1 2 1 b3 1 2 1 1 1 1 2 1 1 2 2 1 2 1 1 2 1 1 1 1 0 1 1 1 1 1 1 0 1 0 1 1 1 1 0 0 0 2 1 1 1 2 2 2 0 2 2 1 1 0 2 b1 1 2 2 0 2 1 1 1 1 1 1 1 1 1 1 1 1 0 0 1 2 2 2 1 2 2 2 2 0 1 1 1 1 2 2 1 2 2 1 b1 1 0 1 0 2 1 0 1
1 1 1 1 0 0 1 1 0 1 1 0 0 0 0 1 1 1 1 1 1 0 a4 1 1 0 1 1 1 1 1 1 1 1 1 1 1 1 1 1 1 1 a4 1 1 1 1 2 1 1 2 1 2 1 1 1 2 2 2 a3 1 1 2 0 1 0 2 2 0 2 1 2 2 2 0 2 1 1 1 0 1 1 1 1 1 1 1 0 2 1 0 1 2 2 0 2 1 2 0 2 2 0 2 0 0 2 2 2 2 1 1 a1 1 2 2 0 2 0 0 1 1 1 1 1 1 1 1 1 2 1 2 1 0 1 2 2 0 2 2 1 2 1 1 0 2 0 0 0 1 2 0 b1 0 2 2 2 2 0 1 1
1 1 1 1 1 1 1 1 1 1 1 1 0 1 1 1 0 1 1 1 0 0 a4 0 0 1 0 1 1 1 1 1 1 0 1 1 1 1 1 1 0 1 a4 1 1 0 2 2 0 1 2 1 0 0 2 0 2 1 1 a3 0 2 2 2 1 1 1 1 0 2 1 2 2 1 2 1 1 1 1 1 1 1 1 0 0 1 1 2 1 2 2 2 2 1 2 2 2 2 0 2 1 1 1 0 1 0 0 1 1 1 1 a1 2 2 1 0 2 0 1 1 1 1 1 1 0 1 1 1 1 1 1 1 1 1 2 2 2 2 0 1 2 1 1 2 1 2 2 2 1 2 2 a1 2 1 1 1 2 2 1 1
1 1 1 0 1 1 1 1 1 1 1 1 1 1 1 0 1 1 0 1 1 1 a4 1 1 1 0 1 1 1 1 1 1 1 1 1 1 1 1 0 1 1 a4 0 1 1 2 0 2 0 2 2 2 2 2 1 1 2 2 b3 1 1 1 2 2 2 2 1 1 1 2 0 1 0 2 1 1 1 1 0 1 1 1 0 0 1 0 2 1 1 2 0 1 2 2 2 1 1 1 2 0 1 1 1 1 2 2 1 1 2 2 b1 2 2 0 0 0 1 0 1 1 1 1 1 1 1 1 1 2 2 2 2 1 2 1 1 2 1 1 2 1 1 2 2 2 2 2 0 1 0 0 a1 0 0 0 1 2 0 1 1
0 0 1 1 1 0 1 1 1 1 0 1 1 1 1 1 0 1 1 1 1 1 a4 1 0 1 0 1 1 1 0 0 1 1 1 1 1 0 1 1 0 1 a4 0 1 1 2 1 1 1 1 2 0 1 1 0 2 0 1 a3 1 2 2 2 0 1 2 0 2 1 0 2 0 0 2 2 0 1 1 1 1 1 1 1 0 0 1 2 0 2 1 1 1 0 1 1 2 1 0 2 0 2 1 1 0 1 2 2 1 2 1 b1 2 1 2 1 2 1 1 1 0 1 0 1 0 1 1 1 0 1 0 2 1 0 1 0 2 1 1 2 1 2 1 0 1 1 2 2 1 2 1 b1 0 1 2 2 1 2 1 1
1 1 1 1 0 1 1 1 1 1 1 1 0 1 1 1 1 1 1 1 1 1 a4 1 0 1 1 1 1 1 1 1 1 0 1 1 1 1 1 1 1 1 a4 0 1 1 0 0 2 0 0 1 1 2 2 1 0 1 1 a3 1 0 1 2 0 2 1 1 2 1 2 2 1 1 0 2 1 1 1 0 1 1 0 1 0 1 1 1 2 1 1 2 1 2 2 2 1 2 0 1 1 2 1 1 1 2 2 2 2 1 0 b1 2 2 1 0 0 1 1 1 1 0 0 1 1 1 0 1 1 2 2 0 2 1 2 1 1 2 2 1 2 1 2 1 2 1 1 2 2 1 1 a1 2 0 1 1 1 2 1 0
1 0 1 0 1 0 0 1 0 1 1 0 1 0 1 0 1 0 0 1 1 0 a4 1 1 1 1 1 1 1 1 0 1 1 1 1 1 0 1 1 1 1 a4 1 1 1 0 1 0 2 2 1 1 1 2 2 2 2 1 a3 1 1 1 1 2 1 2 1 2 2 0 1 1 2 1 2 0 1 1 1 1 1 0 1 0 1 1 0 2 1 1 2 1 1 1 2 0 2 2 2 2 0 1 1 1 1 2 1 2 1 2 b1 1 1 2 1 0 1 1 1 1 1 1 1 1 1 0 0 2 1 0 0 0 1 2 2 2 2 0 1 2 0 2 2 0 1 0 2 2 1 2 a1 2 2 0 2 2 1 1 1
1 1 1 1 0 1 1 1 1 1 1 1 1 1 1 0 0 1 1 1 1 1 a4 1 1 1 1 1 0 1 1 1 1 1 1 1 0 1 1 1 1 1 a4 0 1 1 1 1 2 2 2 1 2 0 1 1 1 0 2 b3 1 1 0 2 2 0 2 1 1 1 0 1 2 1 2 2 1 0 1 1 1 0 1 1 1 1 1 1 0 1 1 1 1 1 0 1 1 1 0 1 0 0 0 1 1 1 1 1 1 1 1 a1 1 1 1 1 0 1 1 1 1 1 1 0 1 1 1 1 1 1 1 1 1 2 1 1 0 0 0 1 2 2 0 2 1 2 0 1 1 0 2 b1 1 1 1 1 0 0 1 1
1 1 0 1 0 1 1 1 1 1 0 1 1 1 1 1 1 1 1 1 1 1 a4 1 1 0 1 1 1 1 1 1 1 1 0 1 1 1 1 1 1 0 a4 1 0 0 2 1 2 1 1 0 1 2 2 2 0 2 0 a3 1 1 0 1 1 1 0 2 2 2 2 1 1 1 1 1 1 1 1 0 0 1 1 1 1 1 0 1 1 0 1 1 1 1 1 0 1 1 1 0 1 0 1 1 1 0 0 1 0 1 1 a1 1 0 1 1 1 1 1 1 1 0 1 0 1 1 1 1 1 1 2 1 2 2 1 2 1 0 2 2 1 0 1 1 2 0 2 2 2 1 2 a1 2 1 0 0 1 2 1 1
1 1 1 1 0 1 1 1 1 1 1 1 1 0 1 1 0 1 1 0 1 1 a4 1 0 1 0 0 1 0 0 1 0 1 1 1 1 1 1 0 1 1 a4 0 1 1 1 1 2 1 1 1 1 1 0 1 1 1 0 b3 2 1 1 0 2 2 1 2 2 0 2 1 2 2 1 1 1 0 1 1 1 1 1 1 1 0 1 1 0 1 1 1 0 1 1 1 1 1 0 1 1 1 1 0 1 1 1 1 0 1 1 a1 1 1 1 0 0 1 1 1 1 0 1 1 1 1 1 1 2 0 1 1 2 1 1 1 0 1 2 2 1 2 0 2 1 2 1 2 2 2 2 b1 2 0 2 1 2 2 1 1
1 1 1 1 1 1 1 1 1 0 1 1 1 1 1 1 1 0 1 1 1 0 a4 0 1 1 1 0 1 1 1 0 1 0 0 1 0 1 1 1 1 0 a4 0 1 1 1 2 0 0 2 1 0 1 1 2 0 1 1 b3 1 2 1 1 1 2 1 0 1 1 1 1 2 2 1 2 1 1 1 0 1 1 0 1 1 1 1 1 0 0 0 1 1 1 1 1 1 1 0 1 1 1 0 1 1 1 0 0 1 1 1 a1 0 0 1 1 1 1 1 1 1 0 1 1 1 1 0 0 1 1 2 0 1 0 2 2 1 1 2 0 2 1 1 2 2 1 1 1 1 0 1 a1 2 2 0 1 2 2 1 1
1 1 0 1 1 1 1 1 1 0 1 1 1 1 1 1 1 1 1 1 1 0 a4 1 1 1 1 1 1 0 1 1 0 1 1 0 1 1 1 1 1 1 a4 1 1 1 1 2 0 0 2 2 1 2 2 1 2 2 1 a3 0 1 0 1 2 2 1 2 2 2 1 1 1 1 2 2 1 1 1 1 1 1 1 1 1 1 0 0 1 1 1 1 1 0 1 1 1 1 1 0 1 1 1 1 1 0 0 1 1 1 1 a1 1 1 0 1 0 1 1 1 1 1 1 0 0 1 1 1 0 2 1 1 1 1 0 0 2 0 1 1 2 1 1 1 1 0 2 2 1 1 2 b1 2 2 2 1 2 2 1 1
1 1 1 1 1 1 0 1 1 0 1 1 1 1 1 1 0 1 1 1 1 1 a4 1 1 0 1 1 1 1 1 1 1 1 1 1 1 1 1 1 0 1 a4 1 1 1 1 0 1 2 1 1 0 1 0 1 1 1 2 a3 1 2 2 2 1 2 1 1 0 1 1 2 2 1 2 1 1 1 0 1 1 1 1 1 1 1 1 1 1 1 1 1 0 1 1 1 1 1 1 1 1 1 0 1 1 1 1 1 0 0 1 a1 1 0 1 1 1 0 1 1 1 1 1 1 1 0 0 1 0 2 1 2 1 0 1 2 1 2 1 0 2 1 2 2 1 1 2 0 1 1 0 b1 2 2 1 0 1 2 1 1
1 1 1 1 1 1 1 1 1 1 1 1 0 1 1 1 1 1 1 1 1 1 a4 0 1 0 1 0 1 1 1 1 1 1 1 1 1 1 1 0 0 0 a4 1 1 1 1 0 1 2 2 2 1 1 1 2 1 0 0 a3 2 2 1 2 1 2 0 1 1 1 2 1 2 2 2 1 1 1 1 1 1 1 1 1 1 1 0 0 1 1 0 0 1 1 1 1 1 1 1 1 1 1 1 1 0 0 1 1 1 1 0 a1 1 0 1 1 1 1 1 1 1 1 0 1 1 1 0 1 0 0 2 2 0 1 0 1 2 0 1 2 1 0 0 1 2 1 2 1 2 1 1 b1 2 0 0 1 1 1 1 1
1 1 1 1 1 1 1 1 1 1 1 0 0 1 1 1 1 1 0 1 1 1 a4 0 1 1 0 0 1 1 1 0 0 1 1 1 1 1 1 1 1 1 a4 0 0 1 2 2 1 1 2 1 1 1 2 1 1 0 2 a3 0 1 0 1 2 0 0 1 2 1 0 0 0 2 1 2 0 1 0 1 0 0 1 1 1 1 0 1 1 1 1 0 0 1 1 1 1 1 0 1 1 1 1 1 1 1 1 1 1 1 1 a1 1 1 1 1 1 0 1 1 1 1 1 1 0 1 1 1 1 1 1 0 1 1 1 0 0 0 1 1 1 0 0 1 1 1 1 1 1 0 1 a1 1 1 1 1 1 1 1 1
1 1 1 1 1 1 1 0 1 1 1 1 1 1 0 1 1 1 1 1 1 1 a4 1 1 1 0 0 1 1 1 1 1 1 0 1 1 1 1 0 1 1 a4 1 1 0 1 0 2 2 2 2 1 1 0 2 1 1 1 a3 2 1 2 1 1 2 2 2 2 1 2 1 1 2 1 2 1 1 1 1 1 1 1 1 0 1 1 1 0 1 0 0 0 1 1 1 1 0 1 1 1 1 1 1 0 1 1 0 1 0 0 a1 1 1 1 1 1 0 1 1 0 1 1 1 1 0 1 1 1 1 0 1 1 1 1 1 1 0 1 0 1 1 1 1 1 1 1 1 1 1 1 a1 1 1 0 1 1 1 0 1
1 1 1 1 1 1 1 1 0 1 1 0 1 0 1 1 1 0 1 1 1 1 a4 0 1 1 1 1 1 1 0 1 1 0 0 1 0 1 0 1 1 1 a4 1 1 1 2 1 2 2 2 2 1 2 1 0 1 2 2 b3 1 0 2 2 1 2 1 1 0 1 2 0 2 0 0 2 1 0 0 1 1 1 1 1 1 1 1 1 1 1 1 1 1 1 1 1 1 1 1 1 0 1 1 1 1 1 1 1 1 0 0 a1 1 1 0 1 1 1 0 1 1 0 1 1 1 1 1 1 1 0 1 0 1 1 0 0 1 1 1 1 0 1 1 1 0 1 1 1 1 1 1 a1 1 1 1 1 1 1 1 1
1 1 1 1 1 0 1 0 1 0 1 1 1 1 1 0 1 1 1 1 1 1 a4 0 1 1 1 1 1 1 1 1 1 1 1 1 1 1 1 1 1 1 a4 1 1 1 1 2 2 1 1 1 0 1 2 2 1 0 0 a3 1 2 2 1 1 2 0 2 1 2 1 1 2 1 0 2 1 1 1 1 1 0 1 0 1 1 1 1 1 0 1 0 1 1 0 1 1 1 1 1 1 0 1 1 1 1 0 1 1 1 1 a1 1 1 1 1 1 0 0 1 1 1 1 0 1 0 0 1 1 1 1 1 0 1 1 0 0 1 1 0 1 0 1 1 1 1 1 0 1 1 1 a1 1 0 1 1 1 1 1 1
1 1 1 1 1 0 1 1 1 1 1 0 1 1 0 1 1 0 1 1 1 1 a4 1 1 1 1 0 1 1 1 1 1 1 1 1 1 1 0 1 1 1 a4 1 1 0 1 1 0 1 1 2 1 2 1 1 0 2 2 b3 0 2 0 2 2 0 1 1 1 2 0 0 1 2 2 1 1 1 1 1 1 1 1 1 1 1 1 0 1 1 1 1 1 1 1 1 1 1 1 1 1 1 1 1 1 0 1 1 1 1 1 a1 1 1 1 0 1 1 1 0 1 1 0 1 1 1 1 1 1 1 1 1 0 1 1 1 1 1 1 1 1 1 1 1 0 1 1 1 1 0 1 a1 1 1 0 0 1 0 1 1
1 1 1 1 1 1 0 1 0 1 1 0 1 1 1 0 1 1 1 1 1 1 a4 1 1 0 1 1 1 1 1 1 1 1 0 1 1 0 1 1 1 0 a4 1 1 1 1 0 0 1 1 2 2 2 1 2 2 2 2 a3 1 2 0 2 0 2 2 0 0 1 1 2 1 1 1 1 1 1 1 0 1 1 0 1 1 1 1 1 1 1 1 1 1 1 0 1 1 1 1 1 1 1 1 1 1 1 0 1 1 1 1 a1 1 0 0 1 0 1 1 1 0 1 1 1 1 1 1 1 1 0 1 1 1 1 0 1 1 1 1 1 1 1 1 1 1 1 0 1 1 1 1 a1 1 1 1 1 1 1 1 1
1 0 1 1 1 1 1 1 1 1 1 1 1 0 1 1 0 1 1 1 0 1 a4 1 1 1 1 0 1 1 1 1 0 1 0 1 1 0 0 1 1 1 a4 1 0 1 2 1 1 2 2 2 1 0 1 1 2 0 1 a3 1 1 2 2 1 2 2 1 1 1 2 2 2 2 2 2 1 1 1 0 1 1 1 1 0 1 1 1 1 1 1 1 1 1 0 1 0 1 1 0 1 0 1 1 1 0 0 1 1 0 1 a1 1 1 0 1 1 1 0 1 1 1 1 1 1 1 1 0 1 1 0 1 0 1 1 1 1 1 1 1 0 0 0 1 0 1 1 0 1 1 1 a1 1 0 1 0 1 1 1 1
1 1 1 0 1 1 1 0 0 1 1 1 1 1 1 1 1 1 0 1 1 1 a4 1 1 1 1 1 1 1 0 0 1 1 1 0 1 1 1 1 1 1 a4 1 1 1 2 2 0 1 0 1 1 2 0 1 2 1 0 b3 1 1 2 0 0 2 1 1 1 2 1 1 2 2 0 1 1 1 1 1 1 0 1 1 0 1 1 1 0 1 1 1 1 1 1 1 1 1 1 1 1 1 1 0 1 0 1 0 1 0 1 a1 1 1 1 1 1 1 1 1 0 1 1 1 0 1 1 1 1 1 1 1 0 1 1 1 0 1 1 0 1 1 1 0 1 1 0 1 1 1 1 a1 1 1 1 1 1 1 0 1
0 1 1 1 1 1 1 1 1 1 1 0 1 1 1 1 0 1 1 0 1 1 a4 0 1 0 0 1 0 1 1 1 1 1 0 0 0 1 1 1 0 1 a4 1 1 0 2 0 1 2 0 1 1 2 0 1 1 2 2 b3 0 1 2 2 0 0 2 1 2 1 0 1 2 1 1 2 1 1 1 0 1 1 1 1 1 1 1 1 1 0 0 1 1 0 0 1 1 1 1 1 0 1 1 1 1 0 1 0 1 1 1 a1 0 1 1 0 1 1 1 0 1 0 0 1 0 1 0 0 0 1 0 0 1 1 0 1 1 0 1 0 1 1 1 0 1 1 1 1 1 1 1 a1 1 1 1 1 0 1 1 0
1 1 1 0 1 1 1 1 1 1 1 0 1 0 1 1 1 1 0 1 1 1 a4 1 1 1 1 0 0 1 1 0 1 1 1 1 1 1 1 1 1 1 a4 1 1 1 1 1 0 0 2 1 2 2 1 0 1 1 0 b3 0 2 2 0 2 1 0 0 2 0 1 1 2 0 1 0 1 1 0 1 1 1 1 0 0 0 1 1 1 0 1 0 1 1 1 1 1 1 1 0 1 1 0 1 1 1 1 1 1 1 1 a1 0 1 1 1 1 1 0 1 1 1 0 1 1 1 1 0 1 1 1 1 1 1 0 1 1 0 1 1 1 1 1 1 0 1 1 0 0 1 1 a1 0 0 1 1 1 1 1 0
1 1 0 1 1 1 0 1 0 1 0 0 0 1 1 1 1 1 1 1 0 1 a4 1 1 1 1 1 1 1 0 1 1 1 1 1 1 0 0 1 1 1 a4 1 1 1 1 2 2 0 1 1 0 1 2 2 2 2 0 a3 1 2 0 1 0 2 1 2 1 1 2 1 2 2 2 2 1 0 1 0 1 1 0 0 1 1 1 1 0 1 1 1 1 0 1 1 1 0 1 1 0 1 1 1 1 1 1 1 1 1 1 a1 0 1 0 0 1 0 1 1 1 1 1 0 1 1 1 0 1 1 1 1 0 1 1 1 1 1 1 1 1 1 1 1 1 0 1 1 1 0 1 a1 1 1 1 0 1 1 1 1
1 1 1 1 1 1 1 1 1 1 0 1 1 1 1 1 0 0 1 1 1 1 a4 1 1 1 1 0 1 0 1 1 1 1 1 1 1 1 1 1 1 1 a4 1 1 1 1 2 0 1 1 0 1 1 0 2 2 1 2 b3 1 0 1 0 1 0 2 2 2 0 2 2 1 1 2 2 1 1 1 0 1 1 1 1 1 1 1 1 1 1 1 1 1 1 1 1 1 0 1 0 1 1 1 1 1 1 1 0 0 1 1 a1 1 1 1 0 1 1 0 1 0 1 1 1 0 0 1 1 1 1 1 0 1 1 1 1 1 0 1 1 1 1 1 1 1 0 1 1 1 1 1 a1 0 1 1 1 1 1 0 1
1 0 1 1 0 0 0 1 1 1 1 1 0 1 1 1 1 0 1 0 1 1 a4 1 1 0 0 1 1 1 1 0 1 1 1 0 1 1 1 1 1 0 a4 1 1 1 1 1 2 0 1 1 1 0 1 0 1 1 1 a3 1 1 1 1 1 1 2 0 2 2 1 2 1 2 1 2 1 1 1 0 1 1 1 1 0 0 1 1 1 1 1 1 1 0 1 1 1 1 1 1 1 1 1 0 1 0 1 1 1 1 1 a1 0 1 0 1 1 1 1 1 0 1 1 1 1 1 1 1 1 1 0 1 1 1 1 1 1 1 1 0 1 0 0 0 1 1 1 0 1 1 1 a1 1 1 1 1 1 1 1 1
1 1 1 0 1 1 1 1 1 1 1 1 1 0 1 1 1 1 1 0 0 1 a4 1 1 1 1 1 1 1 1 1 1 0 0 1 1 1 1 1 1 1 a4 1 1 1 0 2 2 2 2 2 1 2 0 2 2 1 0 b3 2 0 2 1 2 0 0 2 1 2 1 2 2 1 1 2 0 1 1 1 1 0 1 0 0 1 1 1 0 1 1 1 1 1 1 1 1 0 1 1 1 1 1 1 1 1 1 1 1 1 1 a1 1 1 1 1 1 1 1 1 1 1 1 1 0 1 1 1 1 1 1 1 0 1 1 1 1 1 0 1 1 1 1 1 1 1 1 0 1 0 0 a1 0 1 1 1 1 0 1 1
a4 a4 a4 a4 a4 a4 a4 a4 a4 a4 a4 a4 a4 a4 a4 a4 a4 a4 a4 a4 a4 a4 a4 1 1 0 1 1 1 1 1 1 1 1 1 1 1 1 1 1 0 1 a4 1 1 1 0 1 0 2 0 1 0 1 1 1 1 0 2 a3 1 2 1 1 1 2 0 1 0 0 1 1 1 2 1 2 0 1 1 1 0 1 1 1 0 0 1 1 1 1 1 1 1 1 1 1 1 1 0 1 1 1 1 1 1 1 1 1 1 0 1 a1 0 1 1 1 1 1 1 0 0 1 0 1 1 1 0 1 0 1 0 0 1 1 1 1 1 0 1 0 1 0 1 1 1 1 1 1 1 1 1 a1 1 0 1 1 1 1 1 1
1 1 1 1 1 0 1 1 1 1 1 0 1 0 1 0 0 1 1 1 1 1 1 0 1 1 1 0 0 1 1 1 1 1 1 1 1 1 1 1 1 1 a4 1 1 1 1 1 1 1 1 1 1 1 1 1 1 1 1 a3 1 1 1 0 0 1 0 1 1 1 1 1 1 1 1 1 1 1 1 1 0 0 1 1 1 1 1 1 0 1 1 1 1 1 1 1 0 1 1 1 0 0 1 1 1 1 1 1 1 1 1 a1 0 1 1 1 0 1 1 1 0 1 1 0 1 0 0 1 0 1 1 1 1 1 0 1 1 1 1 0 1 1 1 0 0 1 1 1 1 1 0 a1 0 1 1 1 1 1 0 1
1 1 0 1 1 1 1 1 1 1 1 1 1 1 1 1 1 1 1 1 1 1 1 1 0 1 1 1 1 0 1 1 0 1 1 1 1 0 1 1 1 1 a4 1 1 0 1 1 1 0 0 1 1 1 1 0 1 1 1 a3 1 1 1 1 1 1 0 1 1 1 1 1 1 1 1 1 0 1 1 1 0 1 1 0 1 1 1 1 1 1 1 1 1 0 1 1 1 1 1 1 0 1 0 0 1 0 1 1 1 0 1 a1 1 1 1 0 1 1 1 0 0 1 1 0 0 1 1 1 1 0 0 0 0 1 1 1 1 1 1 0 1 1 1 1 1 1 0 0 0 1 0 a1 1 1 1 1 1 1 1 1
1 1 1 1 1 1 1 1 1 0 1 0 1 1 0 1 1 1 1 1 1 1 0 1 0 1 0 1 1 1 1 0 1 1 1 1 0 1 1 1 1 0 a4 1 1 1 1 1 1 1 1 1 1 1 1 1 1 1 0 a3 1 1 0 1 1 0 1 1 0 1 1 1 1 1 1 1 1 1 0 1 1 0 1 1 1 1 1 1 0 1 1 1 0 1 1 1 1 1 1 0 1 1 1 1 1 1 0 1 1 1 1 a1 1 1 1 0 1 1 1 1 1 1 1 1 0 1 0 1 1 1 1 1 1 1 1 1 1 1 1 1 1 0 1 1 1 1 1 1 1 1 1 a1 1 1 1 1 1 1 1 1
1 1 1 1 0 1 1 1 1 1 1 1 1 1 1 0 0 1 1 1 0 0 0 1 1 1 1 1 1 1 1 0 0 1 0 1 1 1 1 1 1 1 a4 1 0 0 1 0 1 1 1 1 1 0 0 1 0 0 1 a3 1 1 0 1 0 1 1 1 0 1 1 1 1 1 1 1 0 1 1 1 1 1 1 0 1 1 1 0 1 0 1 0 1 1 1 1 1 1 0 0 0 1 0 0 1 1 1 1 1 1 1 a1 1 1 1 1 1 1 1 0 0 1 0 0 1 1 1 0 0 0 0 0 1 1 1 0 0 0 1 1 1 0 1 0 1 1 1 1 1 1 0 a1 1 0 1 0 1 1 1 1
0 0 1 0 1 1 1 1 1 0 0 1 0 1 0 1 1 0 1 0 1 1 1 1 0 1 1 1 1 1 1 1 1 1 1 1 1 1 1 0 0 0 a4 1 1 1 1 1 0 0 1 1 1 1 1 1 1 1 1 a3 1 1 1 1 1 1 1 1 1 0 0 0 0 0 1 1 1 1 1 1 1 1 1 1 1 1 1 1 1 1 0 1 1 1 1 1 1 1 1 1 1 1 0 0 1 0 1 1 1 1 1 a1 1 1 0 1 1 1 1 1 1 1 1 1 1 1 0 1 1 1 1 1 1 1 0 1 1 0 1 1 1 1 1 0 1 1 1 1 0 1 0 a1 1 1 1 1 1 1 1 1
1 1 0 0 1 0 1 0 1 1 1 0 1 1 0 1 1 1 1 1 1 1 1 0 1 0 1 1 1 0 1 1 1 0 0 1 1 1 1 1 1 1 a4 1 1 1 0 0 1 1 1 1 1 1 1 1 1 1 0 a3 1 1 1 1 0 1 0 1 0 1 1 0 1 1 1 1 0 1 1 1 1 1 0 1 1 1 1 1 1 0 1 1 0 1 0 1 1 1 1 0 0 1 0 1 1 1 1 1 1 1 1 a1 1 1 0 1 0 1 0 1 1 1 0 1 1 0 0 1 1 1 1 1 1 0 1 1 1 1 0 1 1 1 1 1 1 1 0 0 1 1 1 a1 1 0 1 1 1 0 1 1
1 1 1 1 1 1 0 1 1 1 1 1 0 1 1 0 0 1 1 1 0 0 1 1 1 1 1 0 1 1 0 1 0 1 1 1 0 1 1 1 0 1 a4 1 1 0 1 1 1 1 1 1 1 1 0 1 1 1 1 a3 1 1 1 1 0 1 1 0 1 1 1 0 1 1 1 1 1 0 1 1 1 1 1 1 0 0 1 1 1 1 0 1 1 1 1 1 1 1 0 0 1 1 1 1 1 1 1 1 0 1 0 a1 1 1 1 1 1 0 1 1 0 1 1 1 1 1 1 1 1 0 1 1 1 1 1 1 1 1 1 1 1 1 1 1 1 0 1 1 1 1 1 a1 1 0 1 1 0 1 1 1
1 1 1 1 1 1 1 1 1 1 1 1 1 1 0 1 1 0 1 0 1 1 1 1 0 1 0 1 1 1 1 0 0 0 0 0 1 1 1 1 1 1 a4 1 0 1 1 0 1 1 0 0 1 1 0 1 0 1 1 a3 1 1 1 1 1 0 1 0 1 1 1 0 1 1 1 1 1 1 1 0 0 1 1 0 1 0 1 1 1 1 1 1 1 1 0 1 1 1 0 1 1 1 0 1 1 1 1 1 1 1 1 a1 0 1 0 1 1 1 1 1 0 1 1 1 0 1 1 1 1 1 1 1 0 1 1 1 1 1 0 1 0 1 1 1 1 1 1 1 0 1 1 a1 0 0 0 1 0 1 0 1
1 1 1 1 0 1 1 1 1 1 1 1 1 0 0 1 1 1 0 1 1 1 1 1 1 1 1 1 1 1 1 0 1 0 0 1 1 1 1 1 1 0 a4 1 1 1 1 1 1 1 1 1 1 0 1 1 1 1 1 a3 1 1 1 0 1 1 1 1 1 1 1 1 1 1 1 1 1 1 1 1 1 0 1 1 1 1 1 0 1 0 0 1 1 1 1 0 1 1 0 1 1 1 0 1 1 0 1 1 1 1 1 a1 1 1 1 1 1 0 1 1 1 1 1 1 1 0 1 1 1 1 1 1 1 1 1 1 1 1 1 0 1 1 1 1 1 1 0 1 1 1 1 a1 0 0 1 1 1 0 1 1
1 1 1 1 1 1 1 1 1 0 1 1 0 1 0 1 1 1 1 1 1 1 1 1 0 1 1 1 1 0 0 1 1 1 1 1 1 1 1 1 1 1 a4 1 1 1 1 0 1 1 0 1 1 1 0 1 1 1 1 a3 1 1 1 1 0 0 1 1 1 1 1 1 0 0 1 1 1 1 1 1 0 1 1 1 1 1 1 1 1 0 1 1 1 1 1 1 1 1 1 1 1 1 0 1 1 0 0 1 1 0 1 a1 1 1 1 0 1 0 1 1 1 1 0 1 1 1 1 1 1 0 0 1 1 1 1 0 1 0 1 1 1 1 1 0 0 1 1 1 1 0 1 a1 1 1 0 1 1 1 1 0
1 1 1 1 1 0 1 1 1 1 1 1 1 1 1 0 1 1 1 0 1 0 1 1 1 1 1 0 1 1 1 1 1 1 0 1 0 1 1 1 1 1 a4 1 1 1 0 1 1 0 0 1 0 1 0 1 0 1 1 a3 1 0 0 1 1 0 1 1 1 1 1 0 0 1 0 1 1 1 1 1 1 1 1 1 1 1 0 1 0 1 1 1 1 1 1 0 1 1 0 1 1 1 1 1 1 1 1 1 0 1 1 a1 1 1 1 0 1 0 1 1 1 1 1 1 1 1 1 1 1 1 1 1 1 1 0 1 1 1 0 1 1 0 0 1 1 1 1 1 1 1 0 a1 0 1 1 1 1 0 1 1
1 1 1 1 0 1 0 0 1 1 1 0 1 1 1 1 0 1 1 1 0 0 1 1 1 0 1 1 1 1 1 1 1 1 1 1 1 1 0 1 1 1 a4 0 1 1 1 1 1 1 1 0 1 1 1 0 1 1 0 a3 1 1 1 1 1 1 1 1 0 1 1 1 1 1 1 1 1 1 1 1 1 0 1 1 0 1 1 0 1 1 1 1 0 1 0 1 0 0 0 1 0 1 1 1 1 1 0 1 1 1 1 a1 1 1 1 1 1 1 1 1 0 1 1 1 1 1 0 1 1 0 0 1 1 1 0 1 1 1 1 0 0 1 1 1 0 1 1 1 1 1 1 a1 1 0 1 1 0 1 1 1
1 1 0 1 1 1 0 1 0 1 1 1 1 0 0 1 1 1 1 1 1 1 1 1 1 1 1 1 1 0 1 1 1 1 1 1 0 0 1 1 1 1 a4 1 1 1 1 1 1 1 1 1 1 1 0 1 0 1 1 a3 1 0 1 1 1 1 1 1 1 1 1 0 1 1 1 1 0 1 1 0 0 1 0 0 1 1 0 0 1 1 1 1 1 0 0 1 1 1 1 1 1 0 0 1 1 1 1 1 1 1 1 a1 1 1 1 1 1 1 1 0 1 1 1 1 1 1 0 1 1 1 0 1 1 1 1 1 1 1 0 1 1 1 1 1 1 1 1 1 0 0 1 a1 0 1 1 1 1 0 1 1
1 1 0 1 1 1 0 1 1 1 1 1 0 1 1 1 1 0 1 1 1 1 1 0 1 1 1 1 1 1 1 1 1 1 0 1 1 1 1 1 1 0 a4 1 0 1 1 0 1 0 1 0 1 0 1 1 1 1 1 a3 1 1 0 0 1 1 0 0 1 1 0 1 0 1 1 1 1 1 0 1 1 0 1 1 1 1 1 1 1 1 1 1 1 1 1 1 0 1 1 1 1 1 1 1 1 1 0 1 1 1 0 a1 1 1 1 0 1 1 1 1 1 1 0 1 0 0 0 1 1 0 1 1 1 0 1 1 1 1 1 1 1 1 0 1 1 1 0 1 0 0 1 a1 1 1 1 1 1 0 1 0
1 0 0 0 1 1 1 1 1 1 1 1 1 1 1 1 1 1 1 0 1 1 1 1 1 1 0 0 1 1 1 1 1 1 1 1 1 1 1 1 1 0 a4 0 1 1 1 1 1 0 0 1 1 0 1 1 1 1 1 a3 1 1 0 0 1 0 0 0 1 1 1 1 1 1 1 0 1 0 1 1 0 0 1 1 1 1 1 1 1 1 1 1 1 0 1 1 1 1 1 1 0 1 1 0 1 1 1 1 0 1 1 a1 1 1 1 1 1 1 1 1 0 1 1 1 1 1 1 0 1 0 1 0 1 1 1 1 0 1 0 1 1 0 0 1 1 1 1 1 0 1 1 a1 0 1 1 1 1 1 1 1
0 1 1 1 1 1 1 1 1 1 1 1 1 1 1 1 0 1 1 1 1 1 1 1 1 1 1 1 1 1 1 1 1 1 0 1 1 0 1 1 1 1 a4 0 1 1 1 1 1 1 1 0 0 1 1 0 1 1 1 a3 1 1 0 1 1 1 1 1 1 1 1 1 1 1 1 0 1 1 0 1 1 1 1 0 1 1 0 1 0 1 1 1 0 1 1 1 1 1 1 1 1 1 0 1 1 1 1 0 1 1 1 a1 1 1 1 1 1 1 1 1 1 1 1 1 0 0 1 1 0 1 1 1 1 1 1 1 1 0 0 1 1 1 1 1 1 1 1 1 0 1 1 a1 1 0 0 1 1 1 0 1
1 1 1 1 1 1 1 0 1 1 0 0 1 0 1 0 0 1 1 1 0 1 1 1 1 0 1 1 1 0 1 0 0 1 1 1 1 0 0 0 1 1 a4 1 1 0 1 1 1 1 1 1 1 1 1 1 0 1 1 a3 1 1 0 1 1 0 1 1 0 1 1 1 1 1 0 0 1 1 0 1 1 1 1 0 1 1 0 1 1 1 0 1 1 1 1 1 1 1 1 0 1 1 1 1 1 1 1 0 0 1 1 a1 1 1 0 0 1 1 1 1 0 1 1 1 1 1 1 1 0 0 1 1 1 1 1 1 1 1 1 1 1 1 0 1 1 0 1 1 1 1 1 a1 1 1 1 1 1 1 1 1
1 1 1 1 1 1 1 1 0 1 1 1 1 1 1 1 1 1 0 1 1 0 1 1 1 1 1 1 1 0 1 1 0 1 0 1 1 1 0 0 1 0 a4 1 0 0 1 1 0 1 1 1 1 0 0 1 1 1 1 a3 0 1 1 0 1 1 1 1 1 1 0 0 1 0 0 1 1 1 1 1 1 0 1 1 1 1 1 1 1 1 1 1 1 0 1 1 1 1 0 1 1 1 1 0 1 0 1 1 1 1 1 a1 1 1 0 1 0 1 0 0 1 1 1 1 1 1 0 1 0 0 1 1 1 0 1 0 1 1 1 0 1 1 1 1 1 0 1 1 1 1 1 a1 0 1 1 1 1 1 1 1
1 1 0 1 1 1 0 0 1 0 0 1 1 0 1 1 1 1 1 1 0 0 1 1 1 1 1 0 1 1 1 0 1 0 0 1 1 1 1 1 1 1 a4 1 1 1 1 1 0 1 1 1 1 1 1 1 1 1 0 a3 1 0 1 1 1 1 1 1 1 1 1 0 1 1 1 1 1 1 1 0 0 1 1 1 1 1 1 1 1 1 1 1 1 0 0 0 1 1 1 1 0 1 1 1 0 1 0 0 1 1 1 a1 1 1 1 1 0 1 1 1 1 0 0 0 1 1 1 1 1 1 0 1 1 1 1 1 1 1 1 0 0 1 1 1 0 1 1 1 0 1 1 a1 0 1 1 1 1 1 0 1
1 0 0 1 1 1 1 1 1 0 1 1 1 1 1 1 1 1 0 1 1 0 1 1 1 1 0 1 1 1 0 1 1 1 1 1 1 1 1 1 1 1 a4 1 1 1 0 1 1 1 1 1 1 1 1 0 1 0 1 a3 1 1 1 0 1 1 1 1 1 1 1 1 1 0 1 1 1 1 1 1 1 1 1 1 1 1 1 1 0 1 1 1 0 1 1 0 1 1 1 1 1 1 1 1 0 1 0 1 1 1 1 a1 1 0 1 1 1 1 0 1 1 0 1 0 1 1 1 0 1 1 1 1 1 0 1 1 0 1 1 1 0 1 1 0 1 1 0 1 1 0 1 a1 1 1 1 1 1 1 1 1
